Weights
Layer 1
BEGIN
-4.432333559494701092e-01 3.639956424987671468e-01 -3.093778795576416964e-03 -1.215739988489438067e-01 3.147570962819287721e-01
9.430210040707769081e-02 1.025897983636800126e-01 -2.869288923856685991e-01 8.385238280579426773e-01 -2.919588302071212671e-01
-5.227979405813570901e-01 4.291191322389166229e-01 -3.481941060317911372e-03 -1.435088666052484752e-01 3.712252860180887959e-01
-1.852983250043424013e-01 1.529756784938439973e-01 -1.876747369480330019e-03 -5.129879360375980829e-02 1.313600351165272462e-01
5.657123175073969223e-01 -6.953301029948802947e-01 4.822639510724753831e-01 -1.876312785233729685e-01 -1.710975528357734730e-03
END
Layer 2
BEGIN
-1.965266205526151611e-01 7.300091492488076650e-01 -2.315600835846992611e-01 -8.270596153879970769e-02 -3.135767115611799438e-01
2.073385163426637312e-01 -1.058674874157075757e-01 2.443648146544798727e-01 8.713964280559030606e-02 3.176610466314643277e-01
2.761026894217470939e-01 -1.410580493581603811e-01 3.255047427117850334e-01 1.158019598474342299e-01 4.244753499872378488e-01
-2.008060482356553156e-01 7.460713341530927911e-01 -2.366118587543586116e-01 -8.449379830346609443e-02 -3.205228175163868931e-01
4.981292826032859278e-01 -2.547808413940511052e-01 5.875286375003557771e-01 2.081782384340565839e-01 7.695781392999577752e-01
END
Layer 3
BEGIN
-1.279447573070061905e-01 2.722896481517334544e-01 3.634902872467213886e-01 -1.307505362286398853e-01 6.581354655519897623e-01
-1.740987764333752352e-01 3.711544347284848611e-01 4.954495128235895107e-01 -1.779189233640726120e-01 8.970175050526046912e-01
7.037904961742351695e-01 -1.037999833563197222e-01 -1.386015911944831203e-01 7.192672376494915198e-01 -2.511740522761994887e-01
6.217616650450683569e-01 -9.165290070410198053e-02 -1.223810576829571506e-01 6.354313719224014001e-01 -2.218010019325334092e-01
-4.798226173935881550e-02 1.014695025818346946e-01 1.355237658491773856e-01 -4.902934028836206104e-02 2.455044618903804154e-01
END
Layer 4
BEGIN
7.601258173006604224e-01 1.036073159400422439e+00 -3.723788380626016359e-01 -3.290628302412126893e-01 2.835272274279241889e-01
-1.628894218240042879e-01 -2.214711283499854466e-01 -2.112000062450452298e-01 -1.867271305888839050e-01 -6.176916429190329461e-02
-2.888729795471984274e-01 -3.938760092268605573e-01 1.001972764980901154e+00 8.851223516699524563e-01 -1.074703536821778604e-01
-1.525921750660272913e-01 -2.087808242547614379e-01 -2.102462365470320893e-01 -1.858281664362889940e-01 -5.543006550703249991e-02
-1.573232886789201479e-01 -2.146592642722254807e-01 -2.109705264481163967e-01 -1.864988238448981317e-01 -5.863513979146448007e-02
END
Biases
Layer 1
BEGIN
5.382092451236028530e-02
5.419941694134440269e-01
6.341965308538725921e-02
2.202107026917595259e-02
7.164971557535186608e-02
END
Layer 2
BEGIN
4.478022377814828703e-01
1.443094502301944249e-01
1.929852497673796852e-01
4.576389257214596995e-01
3.502178351815113944e-01
END
Layer 3
BEGIN
2.503967924646600673e-01
3.416331986771048435e-01
4.115700534879739303e-01
3.636409066422719438e-01
9.300133496188890680e-02
END
Layer 4
BEGIN
2.378614370756511054e-01
-1.821071955102796791e-01
2.998935975843328161e-01
-1.784890818581691130e-01
-1.803901854138416361e-01
END
